,Found no CWE,Found CWE
No CWE,728,182
CWE,0,0
